31257
-48776
68602
45568
-28410
86272
79768
47140
-7175
7486
-2860
38090
-94378
50789
-40744
71255
-84314
36717
65973
-26836
6453
16209
57805
1187
-77250
92642
15385
11729
-85308
23002
-1943
-48437
74225
-33340
97131
-54185
58546
-17486
-1431
56985
89999
95709
-4924
95620
-47887
-40054
66876
-32202
96663
-61536
-53424
-91269
-39713
-95618
9917
-16964
2638
-74697
380
17329
48304
98436
68892
-71855
-34904
-28362
79573
29256
54151
-21857
-13758
-50235
79466
-13068
-54615
-68421
46877
17875
-95009
43540
-38047
-48433
52271
22240
-44052
-37812
10890
58585
93104
-88730
81528
-52976
-90293
50420
80782
80416
-77942
60355
-84712
-18177
44112
1529
31587
23578
-5925
-17413
-39229
-59048
-99538
-34238
-9893
-37585
17328
-57622
-9731
-21110
-89820
-98841
43089
8899
18043
24617
-38463
-66636
-24962
-57681
19394
-97290
-97326
34681
-15467
46786
41824
21734
75978
-64101
-95679
-63250
-23149
-95217
-91874
-27428
72811
25453
14949
68694
9957
-69257
69852
-46954
-54744
93509
77662
6792
-73127
58314
-45275
46267
-33361
-42601
-19052
-43214
9799
28387
78519
91391
-30100
82840
33755
-47635
-6763
41880
24936
71662
72947
45499
40356
-17096
76242
-84177
-58436
27112
-90667
-80773
-66095
-63795
-16845
-11371
82471
49793
-48358
69034
-93421
-32945
-96964
85098
-41553
-27065
-26447
92201
25300
66789
-60303
-49764
38451
18258
95735
84421
-98837
-22408
-99756
-57274
-95296
-90424
67566
44222
-54219
-49278
38466
33866
-99485
-4278
-91485
12708
62777
-88450
-2194
-78776
-15515
71358
19039
15399
-56238
-35650
65634
-12173
82608
-33016
-27752
-10615
44575
-27509
32110
-45106
-17933
-94708
4730
-66538
61627
-56804
67327
-32244
38918
75842
80463
1695
87391
-21731
-71467
77490
55241
-46814
-7111
99002
17536
64138
-13171
144
-68878
59076
89528
-18688
-68432
-72747
-58180
-80751
38158
46549
-47290
-215
89745
-79963
67541
-65722
1493
48004
-58413
94499
31888
-29881
71989
-12871
-71081
70493
91746
46454
-59754
-21425
52212
-28633
43266
-52645
-41707
-19552
80222
112
-304
18380
52276
-41980
-81834
42021
-21944
-8679
76298
-14836
44939
23499
-20337
-23173
93617
-48348
-30429
28150
27759
-38683
80219
68004
-54494
32431
44986
88771
-14599
-96721
-30781
-34377
-90994
68914
84002
61281
-73066
7782
-91083
-89395
4717
-9171
-4232
-50343
-85672
75430
-67902
13559
32696
1668
-58291
66070
-31401
-78072
34074
14105
-40026
-20940
2876
45374
87953
-22290
16611
2573
52238
613
69468
-15213
14010
-16001
-4609
-81273
74827
-3227
-31617
-5231
77817
-93904
-91672
-83872
-86622
55650
82197
-18023
-16807
-78113
1696
-51219
946
10186
-231
94513
87895
-83620
-97299
40134
16992
72168
-75079
-68998
-43833
-74074
55343
36608
-71687
29340
-68623
-93870
35435
45318
27871
48813
969
-84316
36404
-10224
-62430
-61900
38556
38515
48285
-61675
-61356
-58204
-45296
-58656
81929
-22690
19127
-93150
-86073
-19092
38389
69269
23131
66701
-1391
54507
-21555
39659
-94559
-93684
94086
-87976
-78001
30490
1799
-40432
-25796
-59645
3698
28103
84293
-52044
69898
-61003
94913
-42558
16306
-80345
-35709
-64153
563
8294
10730
-76306
-25005
-90660
-16185
53439
-45387
-10745
-34630
-51301
1278
92982
-15197
8691
-47449
59006
49045
-38137
92723
33338
-84567
62622
-22051
-89654
-79936
-130
-69999
89969
35716
-63822
-96122
-53553
65485
-21127
61400
-50700
37926
-83987
-55830
8910
70325
-48938
1893
-44872
-34632
-39942
19748
-85587
-72465
12471
-46634
-57033
80707
31314
-46688
6386
36798
88926
-98030
78129
-74896
-94153
-75424
90588
-15281
-8410
45503
28260
-86783
-4713
-62830
83541
-48037
39062
-61331
17330
4734
-35969
-62642
32268
76501
96337
75234
-37176
-66734
34161
69209
70064
23087
71178
48193
48191
77024
-21617
-55606
67358
69972
-4489
-98767
83188
90797
-61598
-27656
48375
-16921
-83373
-34295
87812
-19343
-91323
-74304
62772
-94986
6544
-74404
-61720
-59295
94804
-91656
63792
65982
-37849
-82402
-51378
40533
67605
21594
-83880
-36883
22826
4922
59528
61227
77265
7903
49920
93891
-20777
-56652
80162
-12101
-30957
42934
98527
75586
68530
-63193
21906
63334
50764
-14302
-65068
-87085
-91090
89167
53447
76514
10761
-24819
45245
-66413
80102
4774
428
57367
18291
-49651
-43127
97513
-6304
-62965
91027
-31647
79968
89554
49553
48498
31975
-28541
-82552
-17261
-37229
-47621
-4347
-28320
47160
54714
53809
-42079
-70105
-946
-8493
-90003
9442
91934
-27022
-72266
-57717
29850
30861
-58407
-27501
-72497
-84440
-47533
-82943
65113
6580
49031
42186
-70358
37384
-95042
87634
-66963
82251
34794
-6635
36060
92714
-71126
40729
-15779
-61130
-49829
-23845
-82538
83518
-75947
-47074
14380
71259
25424
41882
86819
-16494
-35446
-42453
90085
19199
99732
-80273
-43416
-95310
-92639
-10380
86941
42154
-11400
23001
-59517
17473
69344
24703
-38042
-80484
6472
-20581
8648
-63861
32345
-76972
-92601
63383
-29475
-168
-53111
-59307
57378
42588
59891
57110
62314
-83525
61800
-24711
-88290
-45644
23057
309
-17029
63539
23396
-47684
93856
85353
77445
329
70387
-13907
36467
2732
-85264
-50520
71729
90874
49311
-81381
-68433
6689
61206
91457
-36200
-70864
13547
31214
-89961
25256
85569
33096
31179
-31460
-97750
-45425
-73530
96106
-60071
-96085
-97950
15930
95622
38516
-81338
-89642
-6389
-3995
-98768
-57078
14623
-67202
49611
81444
29869
19025
16194
-56584
-49761
26232
-25714
41422
64942
-94535
15576
-27193
65654
42046
-31087
11197
-48425
-29038
-72873
-52803
15092
51402
63168
-91297
-52593
64399
57239
-32355
2811
6850
54703
38295
31489
-29103
-12675
-12658
2743
61611
-71236
73300
-27310
-50046
-53893
-61656
-2386
-79366
-44845
49189
97209
-17719
2000
-82084
-66317
-34831
-73381
86704
35182
83857
59963
-62006
96321
14666
-18097
27810
-8823
69227
-84848
-466
30838
49529
-27166
9143
99482
-75445
47486
-2903
-54812
8256
51900
48011
90536
59514
65927
29834
-75317
-1840
16538
59865
87631
-23499
3473
83952
-3219
85375
-82623
87957
-39783
38142
-12509
91055
-12329
-34060
198
92767
-9506
53298
95478
-58703
-38446
47378
89307
57705
6893
-39151
-12461
-62810
59008
9691
2669
46639
-8194
-93858
30591
88586
-2869
-46418
-17842
57348
91723
69648
-45982
-20606
41202
-40170
77776
37311
18742
73254
78607
80296
-73752
-26471
-56384
-61245
34378
31154
-24056
99000
46459
78613
45640
-61735
-9631
81845
-73149
-6885
-64572
-85377
-49537
32765
84270
-89905
17774
-68912
-30076
-4450
68398
88665
-31196
-47380
-25424
-99334
-68237
18191
-60580
-28245
54959
-79021
-29244
1418
99591
22010
-54703
95574
3855
77761
-11311
-55103
92383
-55234
77662
76654
60474
-4564
13356
-69602
90985
-18246
24678
99158
